eval_accuracy = 0.42278056951423787
eval_loss = 1.3759401418308523
global_step = 200
loss = 1.3718
********************************************************************************
eval_accuracy = 0.4388609715242881
eval_loss = 1.3139300553556432
global_step = 400
loss = 1.3264
********************************************************************************
eval_accuracy = 0.5460636515912898
eval_loss = 1.164298429368014
global_step = 600
loss = 1.2529
********************************************************************************
